/Users/maxtuno/anaconda3/bin/python /Users/maxtuno/Documents/GitHub/july15/main.py
1
[[0 8 8 8]
 [0 0 0 0]
 [0 0 0 0]
 [0 1 1 1]]
[[0 0 0 8]
 [0 0 0 0]
 [0 0 0 0]
 [0 0 0 1]]
[[0 0 0 0]
 [0 0 0 0]
 [0 0 0 0]
 [0 1 1 1]]
--------------------------------------------------------------------------------
145
[[  0   0   0   0]
 [  0 145   0   0]
 [  0   0   0   0]
 [  0   0   0   0]]
[[0 0 0 0]
 [7 0 7 8]
 [0 0 0 0]
 [0 0 0 0]]
[[0 6 0 0]
 [0 0 0 0]
 [0 9 0 0]
 [0 5 0 0]]
--------------------------------------------------------------------------------
146
[[83  9  0  8]
 [ 9  1  0  0]
 [ 5  0 30  0]
 [ 4  0  0 32]]
[[0 1 9 0]
 [0 0 1 0]
 [5 0 0 0]
 [0 2 0 8]]
[[1 0 6 0]
 [2 0 0 8]
 [9 1 0 0]
 [0 0 0 2]]
--------------------------------------------------------------------------------
147
[[  0   0   0   1]
 [  0   0   0   0]
 [  0   0   0  17]
 [  0   0   0 147]]
[[0 0 0 1]
 [0 0 0 0]
 [0 1 1 0]
 [7 2 8 3]]
[[0 0 0 8]
 [0 0 0 8]
 [0 0 0 9]
 [0 0 0 1]]
--------------------------------------------------------------------------------
148
[[56  0  0  7]
 [ 0  4  0  2]
 [ 0  0  0  0]
 [16  4  0 88]]
[[7 0 0 0]
 [0 1 0 0]
 [0 0 0 0]
 [2 1 9 3]]
[[8 0 0 1]
 [0 4 0 2]
 [0 0 0 9]
 [0 0 0 1]]
--------------------------------------------------------------------------------
150
[[ 0  0  0  0]
 [ 4 80  0 42]
 [ 1  3  0  0]
 [ 8 64  0 70]]
[[0 0 0 0]
 [7 0 4 0]
 [0 1 0 0]
 [2 0 8 5]]
[[0 8 0 2]
 [1 3 0 0]
 [1 6 0 7]
 [0 0 0 2]]
--------------------------------------------------------------------------------
151
[[116   0   0   0]
 [  0  16   2   0]
 [  0   8  17   8]
 [  0   0   4   2]]
[[0 0 9 7]
 [0 2 0 0]
 [4 1 0 0]
 [1 0 0 0]]
[[0 0 4 2]
 [0 8 1 0]
 [9 0 0 0]
 [5 0 0 0]]
--------------------------------------------------------------------------------
153
[[ 0  0  0  0]
 [14 81 12  0]
 [ 9  0 72  0]
 [ 1  0  8  0]]
[[0 0 0 0]
 [7 0 0 5]
 [0 0 9 0]
 [0 0 1 0]]
[[2 8 1 0]
 [3 0 0 2]
 [1 0 8 0]
 [0 5 1 0]]
--------------------------------------------------------------------------------
154
[[56  0 14  0]
 [ 0 85  0 21]
 [ 0  0  0  0]
 [ 0 30  0 13]]
[[7 0 0 0]
 [0 0 9 1]
 [0 0 0 0]
 [0 0 2 3]]
[[8 0 2 0]
 [0 0 3 0]
 [0 9 0 2]
 [0 4 0 3]]
--------------------------------------------------------------------------------
155
[[24  0  0  3]
 [ 0 16  0  0]
 [ 0  0 81  0]
 [16  0  0 34]]
[[3 0 0 0]
 [0 2 0 0]
 [0 0 9 0]
 [2 0 0 8]]
[[8 0 0 1]
 [0 8 0 0]
 [0 0 9 0]
 [0 0 0 4]]
--------------------------------------------------------------------------------
156
[[  0   0   0   0]
 [  6 131   0   5]
 [  0   0   0   0]
 [  0  10   0  25]]
[[0 0 0 0]
 [6 0 9 1]
 [0 0 0 0]
 [0 0 0 5]]
[[1 8 0 0]
 [2 1 0 0]
 [0 9 0 0]
 [0 2 0 5]]
--------------------------------------------------------------------------------
157
[[80 38  0  0]
 [25 42  0  0]
 [ 0  5 35  0]
 [ 0  0  0  0]]
[[0 1 8 4]
 [0 0 1 8]
 [5 0 0 0]
 [0 0 0 0]]
[[0 1 7 0]
 [0 2 0 0]
 [9 2 0 0]
 [2 5 0 0]]
--------------------------------------------------------------------------------
158
[[32  0  0  0]
 [ 9 45  0  0]
 [ 0  0 81  0]
 [ 0  0  0  0]]
[[5 1 0 0]
 [0 0 0 9]
 [0 0 9 0]
 [0 0 0 0]]
[[6 0 0 0]
 [2 0 0 0]
 [0 0 9 0]
 [1 5 0 0]]
--------------------------------------------------------------------------------
160
[[34 18  0  0]
 [ 0  0  0  0]
 [ 0  0 81  0]
 [ 0  0  0 45]]
[[6 2 0 0]
 [0 0 0 0]
 [0 0 9 0]
 [0 0 0 9]]
[[3 3 0 0]
 [8 0 0 0]
 [0 0 9 0]
 [0 0 0 5]]
--------------------------------------------------------------------------------
165
[[56  7  0  0]
 [ 0 28  0 14]
 [ 0  0 81  9]
 [ 0  0  0  0]]
[[7 0 0 0]
 [0 0 0 7]
 [0 0 9 0]
 [0 0 0 0]]
[[8 1 0 0]
 [0 2 0 1]
 [0 0 9 1]
 [0 4 0 2]]
--------------------------------------------------------------------------------
166
[[121  16   0   0]
 [ 20  15   0   1]
 [  0   0  30   5]
 [  0   0   0   0]]
[[0 0 9 8]
 [0 1 0 4]
 [5 0 0 0]
 [0 0 0 0]]
[[0 0 6 1]
 [0 7 0 1]
 [9 0 0 0]
 [5 2 0 0]]
--------------------------------------------------------------------------------
175
[[  0   0   0   0]
 [ 16 130  37   0]
 [  0   0   0   0]
 [  0   9   0  45]]
[[0 0 0 0]
 [7 0 9 0]
 [0 0 0 0]
 [0 0 0 9]]
[[1 7 4 0]
 [1 0 0 0]
 [1 9 1 0]
 [0 1 0 5]]
--------------------------------------------------------------------------------
177
[[  0   0   0   0]
 [  0 177   0  41]
 [  0   0   0   0]
 [  0   0   0   0]]
[[0 0 0 0]
 [7 0 9 8]
 [0 0 0 0]
 [0 0 0 0]]
[[0 8 0 1]
 [1 0 0 0]
 [0 9 0 2]
 [0 5 0 2]]
--------------------------------------------------------------------------------
182
[[ 56   0   7  14]
 [  0 126   0  27]
 [  0   0   0   0]
 [  0   0   0   0]]
[[7 0 0 0]
 [0 0 9 9]
 [0 0 0 0]
 [0 0 0 0]]
[[8 0 1 2]
 [0 1 2 0]
 [0 9 0 2]
 [0 5 0 1]]
--------------------------------------------------------------------------------
190
[[48  0  9  0]
 [ 0 16  0  0]
 [ 0  0 81  0]
 [ 0  0  0 45]]
[[6 0 1 0]
 [0 2 0 0]
 [0 0 9 0]
 [0 0 0 9]]
[[8 0 0 0]
 [0 8 0 0]
 [0 0 9 0]
 [0 0 0 5]]
--------------------------------------------------------------------------------
191
[[49  0  0  0]
 [ 2 16  0  0]
 [ 0  0 81  0]
 [ 0  0  0 45]]
[[7 0 0 0]
 [0 2 0 0]
 [0 0 9 0]
 [0 0 0 9]]
[[7 0 0 0]
 [1 8 0 0]
 [0 0 9 0]
 [0 0 0 5]]
--------------------------------------------------------------------------------
198
[[56  0  0  0]
 [ 0 16  0  0]
 [ 0  0 81  0]
 [ 0  0  0 45]]
[[7 0 0 0]
 [0 2 0 0]
 [0 0 9 0]
 [0 0 0 9]]
[[8 0 0 0]
 [0 8 0 0]
 [0 0 9 0]
 [0 0 0 5]]
--------------------------------------------------------------------------------

Process finished with exit code 0
